[array([['0.1544807820', '0.0549907547', '-0.986464746'],
       ['-0.580584510', '0.8129219918', '-0.045603518'],
       ['0.7994112245', '0.5797707058', '0.1575074939']], dtype='<U12'), array([['0.2155686091', '0.0578666003', '-0.974772533'],
       ['-0.564612209', '0.8218428597', '-0.076074539'],
       ['0.7967076562', '0.5667677999', '0.2098357264']], dtype='<U12'), array([['0.2807217413', '0.0797077391', '-0.956474347'],
       ['-0.561032235', '0.8221918593', '-0.096144023'],
       ['0.7787421475', '0.5636022699', '0.2755255978']], dtype='<U12'), array([['0.3306925661', '0.0910460402', '-0.939336742'],
       ['-0.549431401', '0.8278367594', '-0.113188143'],
       ['0.7673122127', '0.5535314255', '0.3237829577']], dtype='<U12'), array([['0.4045733774', '0.0974452957', '-0.909298847'],
       ['-0.526251059', '0.8379889256', '-0.144340824'],
       ['0.7479169757', '0.5369160693', '0.3903087499']], dtype='<U12'), array([['0.4722887286', '0.0969915521', '-0.876090916'],
       ['-0.511251680', '0.8398012338', '-0.182634590'],
       ['0.7180281150', '0.5341594456', '0.4462158402']], dtype='<U12'), array([['0.5828768150', '0.0691406468', '-0.809613606'],
       ['-0.438066419', '0.8659139947', '-0.241434808'],
       ['0.6843627936', '0.4953912851', '0.5350093867']], dtype='<U12'), array([['0.6120503896', '0.0510481646', '-0.789169933'],
       ['-0.411622535', '0.8726441016', '-0.262791582'],
       ['0.6752495740', '0.4856815956', '0.5551146667']], dtype='<U12'), array([['0.6286789470', '0.0541892211', '-0.775774489'],
       ['-0.397618048', '0.8797135558', '-0.260775508'],
       ['0.6683280766', '0.4724060821', '0.5746040267']], dtype='<U12'), array([['0.7090044118', '0.0376590883', '-0.704197570'],
       ['-0.345659354', '0.8889497583', '-0.300479310'],
       ['0.6146804338', '0.4564537198', '0.6432865416']], dtype='<U12'), array([['0.7535017003', '0.0192805609', '-0.657163212'],
       ['-0.309865605', '0.8919993664', '-0.329120729'],
       ['0.5798435428', '0.4516252957', '0.6780974193']], dtype='<U12'), array([['0.8031499962', '0.0063283143', '-0.595743293'],
       ['-0.277519478', '0.8888081125', '-0.364695898'],
       ['0.5271935685', '0.4582358694', '0.7156024605']], dtype='<U12'), array([['0.8396536289', '-0.005932929', '-0.543090109'],
       ['-0.233950575', '0.8984659553', '-0.371518821'],
       ['0.4901522164', '0.4390033110', '0.7530121743']], dtype='<U12'), array([['0.8320371560', '0.0048070810', '-0.554699115'],
       ['-0.239625939', '0.9049656775', '-0.351591464'],
       ['0.5002935399', '0.4254574485', '0.7541169675']], dtype='<U12'), array([['0.8502754224', '-0.015548759', '-0.526108523'],
       ['-0.200980308', '0.9142310659', '-0.351836054'],
       ['0.4864554015', '0.4048949609', '0.7742232036']], dtype='<U12'), array([['0.8906338995', '-0.019538616', '-0.454301103'],
       ['-0.166073623', '0.9160844681', '-0.364977798'],
       ['0.4233093449', '0.4005090314', '0.8126510334']], dtype='<U12'), array([['0.9222417713', '-0.030294950', '-0.385425077'],
       ['-0.124721567', '0.9203117118', '-0.370770881'],
       ['0.3659437182', '0.3900111950', '0.8449714671']], dtype='<U12'), array([['0.9470391577', '-0.042294544', '-0.318320580'],
       ['-0.085228646', '0.9226296285', '-0.376152398'],
       ['0.3096011924', '0.3833610840', '0.8701616796']], dtype='<U12'), array([['0.9629666724', '-0.045267657', '-0.265793109'],
       ['-0.062087564', '0.9220810654', '-0.381983688'],
       ['0.2623742980', '0.3843400097', '0.8851227767']], dtype='<U12'), array([['0.9680453102', '-0.052041232', '-0.245316009'],
       ['-0.046676525', '0.9237448235', '-0.380153521'],
       ['0.2463930523', '0.3794563325', '0.8917977403']], dtype='<U12'), array([['0.9870179139', '-0.069176655', '-0.144949128'],
       ['0.0090006416', '0.9248952795', '-0.380115559'],
       ['0.1603578751', '0.3738762370', '0.9135108424']], dtype='<U12'), array([['0.9938897411', '-0.090775077', '-0.062793863'],
       ['0.0612358639', '0.9267932069', '-0.370546271'],
       ['0.0918332892', '0.3644369018', '0.9266889500']], dtype='<U12'), array([['0.9919494351', '-0.126622740', '0.0017331325'],
       ['0.1193474441', '0.9302046696', '-0.347095801'],
       ['0.0423380426', '0.3445083303', '0.9378280931']], dtype='<U12'), array([['0.9815917949', '-0.152315241', '0.1152286540'],
       ['0.1836185377', '0.9186098997', '-0.349914568'],
       ['-0.052552906', '0.3646313758', '0.9296678203']], dtype='<U12'), array([['0.9701923661', '-0.174243695', '0.1684218467'],
       ['0.2170367886', '0.9339296602', '-0.284025433'],
       ['-0.107804528', '0.3121130390', '0.9439087115']], dtype='<U12'), array([['0.9482021483', '-0.220267861', '0.2288992134'],
       ['0.2891602468', '0.8968120035', '-0.334835438'],
       ['-0.131526165', '0.3836801902', '0.9140517143']], dtype='<U12'), array([['0.9336136577', '-0.217820806', '0.2844638304'],
       ['0.3138767761', '0.8801024978', '-0.356231705'],
       ['-0.172762680', '0.4218693580', '0.8900445837']], dtype='<U12'), array([['0.8975781100', '-0.259421693', '0.3564460551'],
       ['0.3707107386', '0.8817249377', '-0.291778222'],
       ['-0.238593699', '0.3940321911', '0.8875874801']], dtype='<U12'), array([['0.8638619323', '-0.297019511', '0.4068441179'],
       ['0.4180981550', '0.8732577392', '-0.250229907'],
       ['-0.280956685', '0.3862647846', '0.8785573422']], dtype='<U12'), array([['0.8319661154', '-0.303215848', '0.4646422104'],
       ['0.4452555093', '0.8645367206', '-0.233074387'],
       ['-0.331028345', '0.4007945712', '0.8542738537']], dtype='<U12'), array([['0.7954241041', '-0.299733816', '0.5267451434'],
       ['0.4676704884', '0.8563633791', '-0.218920753'],
       ['-0.385467405', '0.4204778489', '0.8213486045']], dtype='<U12'), array([['0.7621154302', '-0.304823810', '0.5711941187'],
       ['0.4894894034', '0.8487237236', '-0.200170666'],
       ['-0.423769277', '0.4321465218', '0.7960333908']], dtype='<U12'), array([['0.7531683431', '-0.290725183', '0.5900982871'],
       ['0.4920908269', '0.8443079581', '-0.212109603'],
       ['-0.436558975', '0.4501363502', '0.7789693417']], dtype='<U12'), array([['0.7479350177', '-0.294140675', '0.5950417098'],
       ['0.5009323559', '0.8382894035', '-0.215262063'],
       ['-0.435499883', '0.4590776014', '0.7743305202']], dtype='<U12'), array([['0.7030075280', '-0.312440903', '0.6388745724'],
       ['0.5222408609', '0.8365771650', '-0.165538279'],
       ['-0.482746849', '0.4500212447', '0.7512895860']], dtype='<U12'), array([['0.6991230164', '-0.315973897', '0.6413951061'],
       ['0.5177560542', '0.8423886634', '-0.149365662'],
       ['-0.493108359', '0.4365110870', '0.7525306393']], dtype='<U12'), array([['0.6745640085', '-0.323382143', '0.6636164660'],
       ['0.5356644752', '0.8329807228', '-0.138587123'],
       ['-0.507962985', '0.4489619252', '0.7351233421']], dtype='<U12'), array([['0.5797349178', '-0.334620304', '0.7429244808'],
       ['0.5766234091', '0.8126886442', '-0.083920553'],
       ['-0.575684789', '0.4770392720', '0.6640938504']], dtype='<U12'), array([['0.5439846291', '-0.326958845', '0.7727730402'],
       ['0.5761286802', '0.8151025777', '-0.060690551'],
       ['-0.610045901', '0.4782316517', '0.6317737805']], dtype='<U12'), array([['0.5142117871', '-0.326528429', '0.7930734612'],
       ['0.5817118372', '0.8122714721', '-0.042736746'],
       ['-0.630236200', '0.4833159172', '0.6076249912']], dtype='<U12'), array([['0.4398134383', '-0.335065552', '0.8332442228'],
       ['0.5936725741', '0.8046421574', '0.0102041229'],
       ['-0.673882581', '0.4901860108', '0.5528114646']], dtype='<U12'), array([['0.3569805805', '-0.351158976', '0.8655935406'],
       ['0.6028476173', '0.7944474479', '0.0736748475'],
       ['-0.713540156', '0.4955205406', '0.4952976797']], dtype='<U12'), array([['0.2247994360', '-0.379789895', '0.8973444222'],
       ['0.6221341687', '0.7647171116', '0.1678018823'],
       ['-0.749944299', '0.5205458973', '0.408187662']], dtype='<U12'), array([['0.1281100042', '-0.388648719', '0.9124362695'],
       ['0.6359098818', '0.7381923947', '0.2251457182'],
       ['-0.761056105', '0.5513838452', '0.3417154069']], dtype='<U12'), array([['0.0163138395', '-0.382744926', '0.9237106606'],
       ['0.6244766896', '0.7253928909', '0.2895416278'],
       ['-0.780873823', '0.5721117122', '0.2508489162']], dtype='<U12'), array([['-0.069294754', '-0.369799645', '0.9265248478'],
       ['0.6076644716', '0.7209239889', '0.3331860905'],
       ['-0.791166203', '0.5861034916', '0.1747574070']], dtype='<U12'), array([['-0.142573279', '-0.397525235', '0.9064472409'],
       ['0.6192444225', '0.6786070123', '0.3950049152'],
       ['-0.772145879', '0.6176295208', '0.1494140431']], dtype='<U12'), array([['-0.216489121', '-0.408436844', '0.8867420064'],
       ['0.6139734682', '0.6492274936', '0.4489322011'],
       ['-0.759057719', '0.6416251904', '0.1102188127']], dtype='<U12'), array([['-0.328449767', '-0.384750644', '0.8626059889'],
       ['0.5711387187', '0.6464857721', '0.5058231735'],
       ['-0.752278349', '0.6588045692', '0.0074075252']], dtype='<U12'), array([['-0.424861384', '-0.353860098', '0.8332327229'],
       ['0.5213499956', '0.6568215771', '0.5447750208'],
       ['-0.740059404', '0.6658593482', '-0.094573384']], dtype='<U12'), array([['-0.491967719', '-0.354165148', '0.7953203652'],
       ['0.4899112831', '0.6425387031', '0.5891781320'],
       ['-0.719690468', '0.6794931817', '-0.142598720']], dtype='<U12'), array([['-0.585059920', '-0.354955623', '0.7291864152'],
       ['0.4460476590', '0.6100805575', '0.6548614752'],
       ['-0.677309241', '0.7083844796', '-0.198606908']], dtype='<U12'), array([['-0.700549981', '-0.318207769', '0.6387280265'],
       ['0.3694526563', '0.6040448194', '0.7061406233'],
       ['-0.610519787', '0.7306665867', '-0.305600870']], dtype='<U12'), array([['-0.753301197', '-0.299242824', '0.5856557137'],
       ['0.3144421017', '0.6182453509', '0.7203465791'],
       ['-0.577637470', '0.7267921033', '-0.371630764']], dtype='<U12'), array([['-0.801701404', '-0.283338112', '0.5263020506'],
       ['0.2875930858', '0.5890404050', '0.7551963312'],
       ['-0.523989075', '0.7568030100', '-0.390748318']], dtype='<U12'), array([['-0.850745896', '-0.255229716', '0.4594441300'],
       ['0.2457505226', '0.5795471304', '0.7770017602'],
       ['-0.464583466', '0.7739398210', '-0.430324437']], dtype='<U12'), array([['-0.909904940', '-0.229363030', '0.3456396366'],
       ['0.1582016772', '0.5783825079', '0.8002788013'],
       ['-0.383466279', '0.7828579250', '-0.489987741']], dtype='<U12'), array([['-0.947288730', '-0.199935487', '0.2503376985'],
       ['0.0870417822', '0.5913789101', '0.8016823089'],
       ['-0.308329192', '0.7812148213', '-0.542803648']], dtype='<U12'), array([['-0.960367500', '-0.206169996', '0.1875965499'],
       ['0.0350748022', '0.5782746594', '0.8150883970'],
       ['-0.276529006', '0.7893625714', '-0.548125725']], dtype='<U12'), array([['-0.978560120', '-0.169885093', '0.1164514230'],
       ['0.0027591533', '0.5545287565', '0.8321602297'],
       ['-0.205947241', '0.8146393777', '-0.542171386']], dtype='<U12'), array([['-0.992048804', '-0.123015490', '0.0265611481'],
       ['-0.048953326', '0.5716277634', '0.8190513330'],
       ['-0.115939110', '0.8112389927', '-0.573104473']], dtype='<U12'), array([['-0.991212646', '-0.091973109', '-0.095089966'],
       ['-0.130929829', '0.5791416906', '0.8046446772'],
       ['-0.018935004', '0.8100226071', '-0.586095352']], dtype='<U12'), array([['-0.983093568', '-0.082524746', '-0.163449258'],
       ['-0.180407642', '0.5891178346', '0.7876503306'],
       ['0.0312901942', '0.8038218877', '-0.594045839']], dtype='<U12'), array([['-0.986804602', '-0.083093597', '-0.138959050'],
       ['-0.160922958', '0.5978869128', '0.7852608052'],
       ['0.0178315758', '0.7972616791', '-0.603368728']], dtype='<U12'), array([['-0.970642025', '-0.063648521', '-0.231957259'],
       ['-0.221517733', '0.6123301367', '0.7589347420'],
       ['0.0937293899', '0.7880361124', '-0.608452877']], dtype='<U12'), array([['-0.938026077', '-0.044765866', '-0.343664456'],
       ['-0.297438653', '0.6129350145', '0.7320118494'],
       ['0.1778749264', '0.7888644479', '-0.588264537']], dtype='<U12'), array([['-0.919999583', '-0.037110646', '-0.390158432'],
       ['-0.328864345', '0.6146129178', '0.7170071206'],
       ['0.2131878160', '0.7879554355', '-0.577648004']], dtype='<U12'), array([['-0.801348278', '0.0224823437', '-0.597776203'],
       ['-0.461554859', '0.6124518636', '0.6417710045'],
       ['0.3805377209', '0.7901882399', '-0.480410590']], dtype='<U12'), array([['-0.869882107', '-0.014787594', '-0.493036337'],
       ['-0.391913330', '0.6276593204', '0.6726421016'],
       ['0.2995120103', '0.7783474691', '-0.551784769']], dtype='<U12'), array([['-0.836398413', '0.0066485670', '-0.548081735'],
       ['-0.418067700', '0.6389344806', '0.6457415482'],
       ['0.3544815805', '0.7692324391', '-0.531624252']], dtype='<U12'), array([['-0.786090783', '0.0150445572', '-0.617927819'],
       ['-0.460663898', '0.6522979242', '0.6019104262'],
       ['0.4121285012', '0.7578133345', '-0.505834875']], dtype='<U12'), array([['-0.816200525', '-0.001896447', '-0.577766853'],
       ['-0.445879788', '0.6380197640', '0.6277915895'],
       ['0.3674361807', '0.7700178371', '-0.521597913']], dtype='<U12'), array([['-0.795498566', '0.0091302191', '-0.605888167'],
       ['-0.452060069', '0.6568983037', '0.6034290813'],
       ['0.4035164509', '0.7539241353', '-0.518434562']], dtype='<U12'), array([['-0.896806640', '-0.026897106', '-0.441607556'],
       ['-0.360197287', '0.6239799517', '0.6934749429'],
       ['0.2569019302', '0.7809776746', '-0.569278155']], dtype='<U12'), array([['-0.804180221', '0.0687096723', '-0.590401131'],
       ['-0.448630429', '0.5814151719', '0.6787394310'],
       ['0.3899041582', '0.8107005972', '-0.436737406']], dtype='<U12'), array([['-0.873941660', '0.0044156995', '-0.486009681'],
       ['-0.417518856', '0.5050671780', '0.7553706828'],
       ['0.2488029609', '0.8630685754', '-0.439555346']], dtype='<U12'), array([['-0.939485153', '-0.032550114', '-0.341042246'],
       ['-0.317169280', '0.4589586399', '0.8299163103'],
       ['0.1295105061', '0.8878614332', '-0.441509173']], dtype='<U12'), array([['-0.935723885', '-0.023979567', '-0.351915583'],
       ['-0.321800719', '0.4665868899', '0.8238571699'],
       ['0.1444433940', '0.8841500552', '-0.444312818']], dtype='<U12'), array([['-0.936480068', '-0.020041111', '-0.350143863'],
       ['-0.313775979', '0.4938747543', '0.8109449141'],
       ['0.1566748416', '0.8693016580', '-0.468791602']], dtype='<U12'), array([['-0.977623800', '-0.057900360', '-0.202226154'],
       ['-0.203088635', '0.5102509828', '0.8357020944'],
       ['0.0547984985', '0.8580737339', '-0.510591482']], dtype='<U12'), array([['-0.992869004', '-0.103685627', '-0.058857345'],
       ['-0.099890050', '0.4539026531', '0.8854351408'],
       ['-0.065091276', '0.8849987013', '-0.461024053']], dtype='<U12'), array([['-0.965909945', '-0.186233470', '0.1798153844'],
       ['0.0760612280', '0.4597815851', '0.8847684281'],
       ['-0.247449323', '0.8682842714', '-0.429942048']], dtype='<U12'), array([['-0.949068075', '-0.210264264', '0.2346443001'],
       ['0.1178896265', '0.4536527247', '0.8833464909'],
       ['-0.292183237', '0.8660184328', '-0.405759125']], dtype='<U12'), array([['-0.907609753', '-0.274456185', '0.3176783292'],
       ['0.1858733696', '0.4157922629', '0.8902630213'],
       ['-0.376426365', '0.8670587978', '-0.326363379']], dtype='<U12'), array([['-0.845947807', '-0.318743832', '0.4275236303'],
       ['0.2887473885', '0.4002237930', '0.8697392935'],
       ['-0.448329154', '0.8591995475', '-0.246532568']], dtype='<U12'), array([['-0.721984348', '-0.392205591', '0.5700132590'],
       ['0.3934162717', '0.4449948135', '0.8044897851'],
       ['-0.569178336', '0.8050807109', '-0.166979790']], dtype='<U12'), array([['0.3811036813', '-0.462425856', '0.8005759206'],
       ['0.6070805383', '0.7782544365', '0.1605399344'],
       ['-0.697289536', '0.4248319403', '0.5773255398']], dtype='<U12'), array([['-0.541861939', '-0.496815659', '0.6779054111'],
       ['0.5071926009', '0.4498667619', '0.7351014227'],
       ['-0.670177000', '0.7421540517', '0.0082170108']], dtype='<U12'), array([['-0.344043400', '-0.528176101', '0.7763148767'],
       ['0.5805406939', '0.5301603716', '0.6179827733'],
       ['-0.737975124', '0.6632949653', '0.1242293185']], dtype='<U12'), array([['-0.193691864', '-0.563654522', '0.8029790549'],
       ['0.6118171769', '0.5704241829', '0.5479921435'],
       ['-0.766916895', '0.5974188038', '0.2343675981']], dtype='<U12'), array([['-0.050253697', '-0.577779452', '0.8146443201'],
       ['0.6265057526', '0.6169935476', '0.4762451750'],
       ['-0.777794963', '0.5343124831', '0.3309759804']], dtype='<U12'), array([['0.0911026149', '-0.541247725', '0.8359127854'],
       ['0.6325849211', '0.6797463896', '0.3711883634'],
       ['-0.769113517', '0.4949700826', '0.4043121818']], dtype='<U12'), array([['0.3081781567', '-0.478488575', '0.8222377471'],
       ['0.6269451427', '0.7522158485', '0.2027587410'],
       ['-0.715518006', '0.4530121440', '0.5318025797']], dtype='<U12'), array([['-0.656909133', '-0.416398002', '0.6285590209'],
       ['0.4464877038', '0.4569314953', '0.7693266124'],
       ['-0.607554499', '0.7860199807', '-0.114246982']], dtype='<U12'), array([['0.4873690559', '-0.450446976', '0.7480432286'],
       ['0.5851727183', '0.8043295778', '0.1030860000'],
       ['-0.648108046', '0.3874936840', '0.6555947183']], dtype='<U12'), array([['0.5399174018', '-0.445248532', '0.7143130733'],
       ['0.5795114696', '0.8121072361', '0.0681790619'],
       ['-0.610455468', '0.3771414490', '0.6964973767']], dtype='<U12'), array([['0.6036240664', '-0.404554997', '0.6870027103'],
       ['0.5397605645', '0.8415486858', '0.0213104655'],
       ['-0.586767418', '0.3579537079', '0.7263420568']], dtype='<U12'), array([['0.6629024552', '-0.411817060', '0.6252733759'],
       ['0.4929153691', '0.8686656707', '0.0495408334'],
       ['-0.563555254', '0.2753662369', '0.7788316555']], dtype='<U12'), array([['0.9943533102', '0.1040493638', '-0.020862067'],
       ['-0.097340949', '0.9725869990', '0.2111854075'],
       ['0.0422638798', '-0.207962176', '0.9772233644']], dtype='<U12'), array([['0.9051873990', '-0.262909505', '0.3339377878'],
       ['0.3175719763', '0.9405704226', '-0.120313636'],
       ['-0.282460429', '0.2149556304', '0.9348851473']], dtype='<U12'), array([['0.9462151225', '-0.192009032', '0.2604024657'],
       ['0.2331977957', '0.9626525312', '-0.137545890'],
       ['-0.224267029', '0.1908732968', '0.9556524785']], dtype='<U12'), array([['0.9773551694', '-0.132176671', '0.1652458631'],
       ['0.1490398398', '0.9843386069', '-0.094152161'],
       ['-0.150213161', '0.1166483214', '0.9817480181']], dtype='<U12'), array([['0.9959281497', '-0.081604323', '0.0383125919'],
       ['0.0838395767', '0.9946166660', '-0.060898379'],
       ['-0.033136771', '0.0638625220', '0.9974084080']], dtype='<U12'), array([['0.9999985343', '0.0010184449', '0.0013762465'],
       ['-0.001016485', '0.9999984694', '-0.001424037'],
       ['-0.001377694', '0.0014226360', '0.9999980390']], dtype='<U12'), array([['0.9968306477', '0.0699469810', '-0.037895653'],
       ['-0.067220591', '0.9953504548', '0.0689845320'],
       ['0.0425447148', '-0.066218527', '0.9968977153']], dtype='<U12'), array([['0.9952292744', '0.0953935789', '-0.020463397'],
       ['-0.092004620', '0.9874345400', '0.1284841003'],
       ['0.0324628306', '-0.125988409', '0.9915004161']], dtype='<U12'), array([['0.8057434051', '-0.333832777', '0.4892167203'],
       ['0.4081548863', '0.9115301610', '-0.050221947'],
       ['-0.429170026', '0.2401423160', '0.8707149908']], dtype='<U12'), array([['0.9961031943', '0.0816920862', '-0.033238908'],
       ['-0.070676173', '0.9648191135', '0.2532368810'],
       ['0.0527569941', '-0.249900865', '0.9668330883']], dtype='<U12')]